Creating model
Creating training datasets
Creating test-set
Running propagations
[1, 1,     1] loss: 0.749068
[1, 1,     2] loss: 0.717747
[1, 1,     3] loss: 0.686751
[1, 1,     4] loss: 0.657733
[1, 1,     5] loss: 0.629793
[1, 1,     6] loss: 0.599913
[1, 1,     7] loss: 0.578646
[1, 1,     8] loss: 0.556648
[1, 1,     9] loss: 0.539182
[1, 1,    10] loss: 0.510622
[1, 1,    11] loss: 0.486760
[1, 1,    12] loss: 0.473347
[1, 1,    13] loss: 0.464866
[1, 1,    14] loss: 0.432813
[1, 1,    15] loss: 0.417202
[1, 1,    16] loss: 0.413663
[1, 1,    17] loss: 0.384582
[1, 1,    18] loss: 0.384321
[1, 1,    19] loss: 0.359402
[1, 1,    20] loss: 0.348122
[1, 1,    21] loss: 0.348871
[1, 1,    22] loss: 0.320864
[1, 1,    23] loss: 0.327981
[1, 1,    24] loss: 0.319084
[1, 1,    25] loss: 0.321989
[1, 1,    26] loss: 0.287711
[1, 1,    27] loss: 0.310807
[1, 1,    28] loss: 0.295261
[1, 1,    29] loss: 0.297923
[1, 1,    30] loss: 0.296692
[1, 1,    31] loss: 0.288867
[1, 1,    32] loss: 0.248314
[1, 1,    33] loss: 0.268540
[1, 1,    34] loss: 0.261417
[1, 1,    35] loss: 0.232248
[1, 1,    36] loss: 0.227999
[1, 1,    37] loss: 0.232052
[1, 1,    38] loss: 0.251367
[1, 1,    39] loss: 0.217067
[1, 1,    40] loss: 0.253234
[1, 1,    41] loss: 0.226206
[1, 1,    42] loss: 0.224436
[1, 1,    43] loss: 0.223239
[1, 1,    44] loss: 0.259199
[1, 1,    45] loss: 0.231105
[1, 1,    46] loss: 0.207210
[1, 1,    47] loss: 0.210644
[1, 1,    48] loss: 0.195786
[1, 1,    49] loss: 0.212404
[1, 1,    50] loss: 0.227717
[1, 2,     1] loss: 0.212259
[1, 2,     2] loss: 0.214993
[1, 2,     3] loss: 0.218594
[1, 2,     4] loss: 0.198953
[1, 2,     5] loss: 0.186544
[1, 2,     6] loss: 0.233446
[1, 2,     7] loss: 0.192840
[1, 2,     8] loss: 0.177272
[1, 2,     9] loss: 0.251458
[1, 2,    10] loss: 0.189374
[1, 2,    11] loss: 0.211567
[1, 2,    12] loss: 0.171506
[1, 2,    13] loss: 0.208543
[1, 2,    14] loss: 0.167320
[1, 2,    15] loss: 0.219239
[1, 2,    16] loss: 0.214808
[1, 2,    17] loss: 0.208328
[1, 2,    18] loss: 0.181837
[1, 2,    19] loss: 0.153420
[1, 2,    20] loss: 0.191282
[1, 2,    21] loss: 0.208403
[1, 2,    22] loss: 0.174940
[1, 2,    23] loss: 0.185899
[1, 2,    24] loss: 0.202588
[1, 2,    25] loss: 0.227765
[1, 2,    26] loss: 0.196899
[1, 2,    27] loss: 0.145917
[1, 2,    28] loss: 0.175522
[1, 2,    29] loss: 0.191731
[1, 2,    30] loss: 0.202534
[1, 2,    31] loss: 0.189906
[1, 2,    32] loss: 0.168200
[1, 2,    33] loss: 0.162063
[1, 2,    34] loss: 0.237986
[1, 2,    35] loss: 0.203064
[1, 2,    36] loss: 0.151685
[1, 2,    37] loss: 0.150544
[1, 2,    38] loss: 0.228234
[1, 2,    39] loss: 0.196566
[1, 2,    40] loss: 0.160834
[1, 2,    41] loss: 0.209274
[1, 2,    42] loss: 0.226934
[1, 2,    43] loss: 0.191558
[1, 2,    44] loss: 0.192125
[1, 2,    45] loss: 0.203800
[1, 2,    46] loss: 0.185582
[1, 2,    47] loss: 0.159889
[1, 2,    48] loss: 0.197175
[1, 2,    49] loss: 0.220570
[1, 2,    50] loss: 0.221591
[1, 2,    51] loss: 0.162136
[1, 2,    52] loss: 0.178754
[1, 2,    53] loss: 0.155766
[1, 2,    54] loss: 0.202311
[1, 2,    55] loss: 0.180982
[1, 2,    56] loss: 0.178742
[1, 2,    57] loss: 0.262427
[1, 2,    58] loss: 0.178781
[1, 2,    59] loss: 0.208399
[1, 2,    60] loss: 0.167570
[1, 2,    61] loss: 0.173437
[1, 2,    62] loss: 0.125595
[1, 2,    63] loss: 0.208266
[1, 2,    64] loss: 0.184701
[1, 2,    65] loss: 0.219782
[1, 2,    66] loss: 0.214788
[1, 2,    67] loss: 0.215606
[1, 2,    68] loss: 0.149711
[1, 2,    69] loss: 0.168456
[1, 2,    70] loss: 0.142723
[1, 2,    71] loss: 0.190642
[1, 2,    72] loss: 0.262730
[1, 2,    73] loss: 0.197020
[1, 2,    74] loss: 0.228888
[1, 3,     1] loss: 0.238788
[1, 3,     2] loss: 0.243950
[1, 3,     3] loss: 0.173262
[1, 3,     4] loss: 0.207044
[1, 3,     5] loss: 0.172499
[1, 3,     6] loss: 0.195999
[1, 3,     7] loss: 0.220398
[1, 3,     8] loss: 0.203128
[1, 3,     9] loss: 0.249298
[1, 3,    10] loss: 0.150299
[1, 3,    11] loss: 0.179221
[1, 3,    12] loss: 0.201575
[1, 3,    13] loss: 0.202087
[1, 3,    14] loss: 0.151696
[1, 3,    15] loss: 0.179679
[1, 3,    16] loss: 0.161655
[1, 3,    17] loss: 0.203612
[1, 3,    18] loss: 0.174568
[1, 3,    19] loss: 0.218814
[1, 3,    20] loss: 0.178887
[1, 3,    21] loss: 0.184236
[1, 3,    22] loss: 0.189995
[1, 3,    23] loss: 0.215478
[1, 3,    24] loss: 0.167466
[1, 3,    25] loss: 0.237306
[1, 3,    26] loss: 0.161888
[1, 3,    27] loss: 0.196314
[1, 3,    28] loss: 0.202883
[1, 3,    29] loss: 0.220005
[1, 3,    30] loss: 0.238748
[1, 3,    31] loss: 0.161229
[1, 3,    32] loss: 0.190794
[1, 3,    33] loss: 0.184971
[1, 3,    34] loss: 0.190922
[1, 3,    35] loss: 0.219870
[1, 3,    36] loss: 0.253629
[1, 3,    37] loss: 0.196024
[1, 3,    38] loss: 0.155505
[1, 3,    39] loss: 0.184644
[1, 3,    40] loss: 0.197050
[1, 3,    41] loss: 0.155666
[1, 3,    42] loss: 0.144939
[1, 3,    43] loss: 0.207137
[1, 3,    44] loss: 0.224633
[1, 3,    45] loss: 0.213777
[1, 3,    46] loss: 0.179285
[1, 3,    47] loss: 0.190908
[1, 3,    48] loss: 0.203026
[1, 3,    49] loss: 0.201889
[1, 3,    50] loss: 0.173473
[1, 3,    51] loss: 0.249177
[1, 3,    52] loss: 0.190481
[1, 3,    53] loss: 0.184949
[1, 3,    54] loss: 0.161283
[1, 3,    55] loss: 0.177748
[1, 3,    56] loss: 0.248554
[1, 3,    57] loss: 0.144275
[1, 3,    58] loss: 0.132489
[1, 3,    59] loss: 0.224506
[1, 3,    60] loss: 0.172215
[1, 3,    61] loss: 0.226279
[1, 3,    62] loss: 0.173649
[1, 3,    63] loss: 0.184166
[1, 3,    64] loss: 0.184451
[1, 3,    65] loss: 0.190389
[1, 3,    66] loss: 0.185051
[1, 3,    67] loss: 0.247964
[1, 3,    68] loss: 0.201673
[1, 3,    69] loss: 0.225111
[1, 3,    70] loss: 0.236248
[1, 3,    71] loss: 0.178748
[1, 3,    72] loss: 0.149239
[1, 3,    73] loss: 0.133989
[1, 4,     1] loss: 0.230140
[1, 4,     2] loss: 0.183956
[1, 4,     3] loss: 0.230930
[1, 4,     4] loss: 0.231784
[1, 4,     5] loss: 0.184522
[1, 4,     6] loss: 0.219422
[1, 4,     7] loss: 0.173118
[1, 4,     8] loss: 0.230571
[1, 4,     9] loss: 0.213011
[1, 4,    10] loss: 0.243310
[1, 4,    11] loss: 0.236004
[1, 4,    12] loss: 0.173447
[1, 4,    13] loss: 0.247095
[1, 4,    14] loss: 0.166292
[1, 4,    15] loss: 0.207047
[1, 4,    16] loss: 0.171935
[1, 4,    17] loss: 0.224245
[1, 4,    18] loss: 0.240873
[1, 4,    19] loss: 0.236101
[1, 4,    20] loss: 0.245812
[1, 4,    21] loss: 0.167117
[1, 4,    22] loss: 0.201122
[1, 4,    23] loss: 0.183831
[1, 4,    24] loss: 0.234940
[1, 4,    25] loss: 0.189724
[1, 4,    26] loss: 0.212059
[1, 4,    27] loss: 0.161748
[1, 4,    28] loss: 0.217400
[1, 4,    29] loss: 0.195440
[1, 4,    30] loss: 0.245291
[1, 4,    31] loss: 0.189692
[1, 4,    32] loss: 0.200672
[1, 4,    33] loss: 0.228132
[1, 4,    34] loss: 0.206045
[1, 4,    35] loss: 0.222453
[1, 4,    36] loss: 0.173210
[1, 4,    37] loss: 0.255854
[1, 4,    38] loss: 0.254858
[1, 4,    39] loss: 0.227798
[1, 4,    40] loss: 0.249350
[1, 4,    41] loss: 0.254748
[1, 4,    42] loss: 0.216875
[1, 4,    43] loss: 0.195963
[1, 4,    44] loss: 0.232737
[1, 4,    45] loss: 0.201551
[1, 4,    46] loss: 0.237140
[1, 4,    47] loss: 0.232557
[1, 4,    48] loss: 0.211789
[1, 4,    49] loss: 0.233676
[1, 4,    50] loss: 0.210492
[1, 4,    51] loss: 0.232899
[1, 4,    52] loss: 0.253372
[1, 4,    53] loss: 0.190958
[1, 4,    54] loss: 0.201994
[1, 4,    55] loss: 0.174654
[1, 4,    56] loss: 0.211637
[1, 4,    57] loss: 0.257394
[1, 4,    58] loss: 0.206836
[1, 4,    59] loss: 0.173513
[1, 4,    60] loss: 0.278928
[1, 4,    61] loss: 0.162833
[1, 4,    62] loss: 0.200931
[1, 4,    63] loss: 0.253333
[1, 4,    64] loss: 0.221750
[1, 4,    65] loss: 0.242097
[1, 4,    66] loss: 0.190042
[1, 4,    67] loss: 0.253437
[1, 4,    68] loss: 0.172441
[1, 4,    69] loss: 0.195033
[1, 4,    70] loss: 0.209504
[1, 4,    71] loss: 0.204918
[1, 4,    72] loss: 0.204875
[1, 4,    73] loss: 0.171699
[1, 4,    74] loss: 0.225776
[1, 5,     1] loss: 0.249166
[1, 5,     2] loss: 0.229055
[1, 5,     3] loss: 0.293626
[1, 5,     4] loss: 0.211739
[1, 5,     5] loss: 0.243096
[1, 5,     6] loss: 0.227823
[1, 5,     7] loss: 0.253493
[1, 5,     8] loss: 0.237531
[1, 5,     9] loss: 0.220831
[1, 5,    10] loss: 0.258035
[1, 5,    11] loss: 0.252897
[1, 5,    12] loss: 0.295351
[1, 5,    13] loss: 0.250828
[1, 5,    14] loss: 0.202013
[1, 5,    15] loss: 0.288900
[1, 5,    16] loss: 0.226726
[1, 5,    17] loss: 0.226986
[1, 5,    18] loss: 0.221806
[1, 5,    19] loss: 0.246592
[1, 5,    20] loss: 0.280480
[1, 5,    21] loss: 0.267455
[1, 5,    22] loss: 0.246086
[1, 5,    23] loss: 0.318559
[1, 5,    24] loss: 0.337689
[1, 5,    25] loss: 0.284353
[1, 5,    26] loss: 0.290187
[1, 5,    27] loss: 0.265381
[1, 5,    28] loss: 0.289665
[1, 5,    29] loss: 0.344532
[1, 5,    30] loss: 0.273610
[1, 5,    31] loss: 0.248341
[1, 5,    32] loss: 0.293371
[1, 5,    33] loss: 0.233236
[1, 5,    34] loss: 0.275944
[1, 5,    35] loss: 0.266908
[1, 5,    36] loss: 0.248281
[1, 5,    37] loss: 0.284094
[1, 5,    38] loss: 0.246904
[1, 5,    39] loss: 0.290649
[1, 5,    40] loss: 0.280545
[1, 5,    41] loss: 0.274690
[1, 5,    42] loss: 0.235156
[1, 5,    43] loss: 0.222604
[1, 5,    44] loss: 0.289887
[1, 5,    45] loss: 0.250707
[1, 5,    46] loss: 0.249769
[1, 5,    47] loss: 0.311595
[1, 5,    48] loss: 0.261586
[1, 5,    49] loss: 0.263757
[1, 5,    50] loss: 0.269378
[1, 5,    51] loss: 0.264085
[1, 5,    52] loss: 0.233472
[1, 5,    53] loss: 0.283685
[1, 5,    54] loss: 0.269601
[1, 5,    55] loss: 0.239963
[1, 5,    56] loss: 0.191018
[1, 5,    57] loss: 0.289730
[1, 5,    58] loss: 0.304506
[1, 5,    59] loss: 0.197565
[1, 5,    60] loss: 0.260667
[1, 5,    61] loss: 0.232668
[1, 5,    62] loss: 0.301554
[1, 5,    63] loss: 0.208386
[1, 5,    64] loss: 0.258410
[1, 5,    65] loss: 0.279614
[1, 5,    66] loss: 0.288340
[1, 5,    67] loss: 0.221099
[1, 5,    68] loss: 0.264165
[1, 5,    69] loss: 0.265542
[1, 5,    70] loss: 0.223011
[1, 5,    71] loss: 0.252932
[1, 5,    72] loss: 0.219158
[1, 5,    73] loss: 0.243334
Total epoch loss: 81.450903
[test, 0]: test running loss: 0.214669
[test, 1]: test running loss: 0.215228
[test, 2]: test running loss: 0.186244
[test, 3]: test running loss: 0.220011
[test, 4]: test running loss: 0.174840
[test, 5]: test running loss: 0.146588
[test, 6]: test running loss: 0.216741
[test, 7]: test running loss: 0.154907
[test, 8]: test running loss: 0.235245
[test, 9]: test running loss: 0.181157
[test, 10]: test running loss: 0.186129
[test, 11]: test running loss: 0.169564
[test, 12]: test running loss: 0.194431
[test, 13]: test running loss: 0.191425
[test, 14]: test running loss: 0.194584
[test, 15]: test running loss: 0.156768
[test, 16]: test running loss: 0.182460
[test, 17]: test running loss: 0.166995
[test, 18]: test running loss: 0.193567
[test, 19]: test running loss: 0.181639
[test, 20]: test running loss: 0.144759
[test, 21]: test running loss: 0.169007
[test, 22]: test running loss: 0.190001
[test, 23]: test running loss: 0.173268
[test, 24]: test running loss: 0.195645
[test, 25]: test running loss: 0.169402
[test, 26]: test running loss: 0.162031
[test, 27]: test running loss: 0.174871
[test, 28]: test running loss: 0.166579
[test, 29]: test running loss: 0.243604
[test, 30]: test running loss: 0.173045
[test, 31]: test running loss: 0.198441
[test, 32]: test running loss: 0.176358
[test, 33]: test running loss: 0.188820
[test, 34]: test running loss: 0.200656
[test, 35]: test running loss: 0.181700
[test, 36]: test running loss: 0.174063
[test, 37]: test running loss: 0.205624
[test, 38]: test running loss: 0.188520
[test, 39]: test running loss: 0.210266
[test, 40]: test running loss: 0.190100
[test, 41]: test running loss: 0.192498
[test, 42]: test running loss: 0.199102
[test, 43]: test running loss: 0.192959
[test, 44]: test running loss: 0.204998
[test, 45]: test running loss: 0.178814
[test, 46]: test running loss: 0.184953
[test, 47]: test running loss: 0.171142
[test, 48]: test running loss: 0.194968
[test, 49]: test running loss: 0.183008
[test, 50]: test running loss: 0.217062
[test, 51]: test running loss: 0.182347
[test, 52]: test running loss: 0.191907
[test, 53]: test running loss: 0.156738
[test, 54]: test running loss: 0.151215
[test, 55]: test running loss: 0.146805
[test, 56]: test running loss: 0.176575
[test, 57]: test running loss: 0.173236
[test, 58]: test running loss: 0.193690
[test, 59]: test running loss: 0.176228
[test, 60]: test running loss: 0.170303
[test, 61]: test running loss: 0.184768
[test, 62]: test running loss: 0.192904
[test, 63]: test running loss: 0.170064
[test, 64]: test running loss: 0.200920
[test, 65]: test running loss: 0.187853
[test, 66]: test running loss: 0.175895
[test, 67]: test running loss: 0.147701
[test, 68]: test running loss: 0.136403
[test, 69]: test running loss: 0.218405
[test, 70]: test running loss: 0.185367
[test, 71]: test running loss: 0.189719
[test, 72]: test running loss: 0.140038
true_pos: 0, true_neg: 35382, false_pos: 0, false_neg: 1639
[2, 1,     1] loss: 0.185311
[2, 1,     2] loss: 0.191952
[2, 1,     3] loss: 0.179039
[2, 1,     4] loss: 0.190853
[2, 1,     5] loss: 0.197861
[2, 1,     6] loss: 0.198414
[2, 1,     7] loss: 0.221495
[2, 1,     8] loss: 0.178378
[2, 1,     9] loss: 0.215083
[2, 1,    10] loss: 0.152637
[2, 1,    11] loss: 0.216440
[2, 1,    12] loss: 0.216490
[2, 1,    13] loss: 0.203679
[2, 1,    14] loss: 0.153675
[2, 1,    15] loss: 0.198494
[2, 1,    16] loss: 0.185517
[2, 1,    17] loss: 0.205546
[2, 1,    18] loss: 0.184520
[2, 1,    19] loss: 0.213451
[2, 1,    20] loss: 0.215981
[2, 1,    21] loss: 0.194033
[2, 1,    22] loss: 0.132427
[2, 1,    23] loss: 0.226260
[2, 1,    24] loss: 0.171169
[2, 1,    25] loss: 0.168245
[2, 1,    26] loss: 0.185043
[2, 1,    27] loss: 0.173985
[2, 1,    28] loss: 0.204829
[2, 1,    29] loss: 0.153925
[2, 1,    30] loss: 0.201751
[2, 1,    31] loss: 0.169000
[2, 1,    32] loss: 0.192913
[2, 1,    33] loss: 0.170117
[2, 1,    34] loss: 0.226968
[2, 1,    35] loss: 0.204292
[2, 1,    36] loss: 0.161134
[2, 1,    37] loss: 0.188417
[2, 1,    38] loss: 0.157592
[2, 1,    39] loss: 0.182448
[2, 1,    40] loss: 0.186937
[2, 1,    41] loss: 0.190525
[2, 1,    42] loss: 0.183085
[2, 1,    43] loss: 0.181721
[2, 1,    44] loss: 0.176514
[2, 1,    45] loss: 0.213423
[2, 1,    46] loss: 0.196435
[2, 1,    47] loss: 0.174073
[2, 1,    48] loss: 0.158158
[2, 1,    49] loss: 0.209383
[2, 1,    50] loss: 0.173463
[2, 1,    51] loss: 0.178124
[2, 1,    52] loss: 0.184485
[2, 1,    53] loss: 0.199441
[2, 1,    54] loss: 0.178311
[2, 1,    55] loss: 0.185164
[2, 1,    56] loss: 0.176071
[2, 1,    57] loss: 0.167652
[2, 1,    58] loss: 0.217352
[2, 1,    59] loss: 0.203036
[2, 1,    60] loss: 0.183614
[2, 1,    61] loss: 0.212368
[2, 1,    62] loss: 0.183015
[2, 1,    63] loss: 0.176071
[2, 1,    64] loss: 0.211078
[2, 1,    65] loss: 0.179353
[2, 1,    66] loss: 0.201384
[2, 1,    67] loss: 0.171760
[2, 1,    68] loss: 0.172454
[2, 1,    69] loss: 0.191722
[2, 1,    70] loss: 0.174602
[2, 1,    71] loss: 0.176508
[2, 1,    72] loss: 0.235345
[2, 1,    73] loss: 0.199905
[2, 2,     1] loss: 0.172083
[2, 2,     2] loss: 0.168730
[2, 2,     3] loss: 0.216241
[2, 2,     4] loss: 0.245281
[2, 2,     5] loss: 0.159616
[2, 2,     6] loss: 0.165236
[2, 2,     7] loss: 0.164996
[2, 2,     8] loss: 0.168634
[2, 2,     9] loss: 0.181044
[2, 2,    10] loss: 0.149590
[2, 2,    11] loss: 0.258595
[2, 2,    12] loss: 0.149541
[2, 2,    13] loss: 0.181707
[2, 2,    14] loss: 0.185771
[2, 2,    15] loss: 0.215882
[2, 2,    16] loss: 0.176636
[2, 2,    17] loss: 0.168211
[2, 2,    18] loss: 0.140660
[2, 2,    19] loss: 0.118266
[2, 2,    20] loss: 0.171192
[2, 2,    21] loss: 0.257083
[2, 2,    22] loss: 0.155565
[2, 2,    23] loss: 0.179895
[2, 2,    24] loss: 0.185762
[2, 2,    25] loss: 0.231476
[2, 2,    26] loss: 0.159773
[2, 2,    27] loss: 0.165578
[2, 2,    28] loss: 0.149379
[2, 2,    29] loss: 0.156368
[2, 2,    30] loss: 0.141202
[2, 2,    31] loss: 0.207408
[2, 2,    32] loss: 0.174795
[2, 2,    33] loss: 0.183081
[2, 2,    34] loss: 0.235077
[2, 2,    35] loss: 0.162432
[2, 2,    36] loss: 0.160574
[2, 2,    37] loss: 0.175716
[2, 2,    38] loss: 0.194805
[2, 2,    39] loss: 0.221053
[2, 2,    40] loss: 0.207894
[2, 2,    41] loss: 0.184111
[2, 2,    42] loss: 0.174155
[2, 2,    43] loss: 0.159508
[2, 2,    44] loss: 0.241524
[2, 2,    45] loss: 0.202397
[2, 2,    46] loss: 0.229852
[2, 2,    47] loss: 0.207778
[2, 2,    48] loss: 0.175490
[2, 2,    49] loss: 0.174742
[2, 2,    50] loss: 0.181772
[2, 2,    51] loss: 0.174464
[2, 2,    52] loss: 0.160550
[2, 2,    53] loss: 0.163099
[2, 2,    54] loss: 0.231474
[2, 2,    55] loss: 0.177546
[2, 2,    56] loss: 0.192136
[2, 2,    57] loss: 0.176489
[2, 2,    58] loss: 0.176000
[2, 2,    59] loss: 0.189735
[2, 2,    60] loss: 0.182379
[2, 2,    61] loss: 0.156441
[2, 2,    62] loss: 0.204456
[2, 2,    63] loss: 0.200033
[2, 2,    64] loss: 0.224127
[2, 2,    65] loss: 0.185214
[2, 2,    66] loss: 0.187714
[2, 2,    67] loss: 0.206185
[2, 2,    68] loss: 0.173158
[2, 2,    69] loss: 0.202084
[2, 2,    70] loss: 0.205320
[2, 2,    71] loss: 0.190709
[2, 2,    72] loss: 0.134991
[2, 2,    73] loss: 0.192875
[2, 2,    74] loss: 0.226725
[2, 3,     1] loss: 0.194162
[2, 3,     2] loss: 0.171769
[2, 3,     3] loss: 0.215323
[2, 3,     4] loss: 0.258470
[2, 3,     5] loss: 0.220958
[2, 3,     6] loss: 0.193467
[2, 3,     7] loss: 0.212729
[2, 3,     8] loss: 0.228533
[2, 3,     9] loss: 0.206351
[2, 3,    10] loss: 0.180803
[2, 3,    11] loss: 0.228025
[2, 3,    12] loss: 0.178251
[2, 3,    13] loss: 0.218469
[2, 3,    14] loss: 0.234907
[2, 3,    15] loss: 0.201230
[2, 3,    16] loss: 0.174503
[2, 3,    17] loss: 0.167267
[2, 3,    18] loss: 0.180333
[2, 3,    19] loss: 0.242064
[2, 3,    20] loss: 0.206432
[2, 3,    21] loss: 0.232791
[2, 3,    22] loss: 0.183513
[2, 3,    23] loss: 0.172611
[2, 3,    24] loss: 0.253251
[2, 3,    25] loss: 0.220571
[2, 3,    26] loss: 0.217598
[2, 3,    27] loss: 0.217525
[2, 3,    28] loss: 0.240050
[2, 3,    29] loss: 0.209458
[2, 3,    30] loss: 0.176090
[2, 3,    31] loss: 0.233733
[2, 3,    32] loss: 0.170771
[2, 3,    33] loss: 0.230546
[2, 3,    34] loss: 0.208985
[2, 3,    35] loss: 0.204700
[2, 3,    36] loss: 0.208516
[2, 3,    37] loss: 0.223430
[2, 3,    38] loss: 0.238157
[2, 3,    39] loss: 0.194121
[2, 3,    40] loss: 0.166550
[2, 3,    41] loss: 0.190510
[2, 3,    42] loss: 0.227142
[2, 3,    43] loss: 0.201825
[2, 3,    44] loss: 0.205792
[2, 3,    45] loss: 0.213968
[2, 3,    46] loss: 0.243942
[2, 3,    47] loss: 0.173511
[2, 3,    48] loss: 0.225699
[2, 3,    49] loss: 0.228567
[2, 3,    50] loss: 0.189096
[2, 3,    51] loss: 0.195397
[2, 3,    52] loss: 0.199307
[2, 3,    53] loss: 0.248160
[2, 3,    54] loss: 0.156583
[2, 3,    55] loss: 0.237257
[2, 3,    56] loss: 0.236407
[2, 3,    57] loss: 0.191070
[2, 3,    58] loss: 0.229543
[2, 3,    59] loss: 0.261651
[2, 3,    60] loss: 0.172256
[2, 3,    61] loss: 0.205321
[2, 3,    62] loss: 0.170730
[2, 3,    63] loss: 0.220591
[2, 3,    64] loss: 0.241818
[2, 3,    65] loss: 0.193883
[2, 3,    66] loss: 0.143957
[2, 3,    67] loss: 0.206128
[2, 3,    68] loss: 0.248604
[2, 3,    69] loss: 0.195751
[2, 3,    70] loss: 0.196531
[2, 3,    71] loss: 0.168063
[2, 3,    72] loss: 0.238751
[2, 3,    73] loss: 0.168906
[2, 3,    74] loss: 0.274007
[2, 4,     1] loss: 0.192859
[2, 4,     2] loss: 0.220295
[2, 4,     3] loss: 0.240760
[2, 4,     4] loss: 0.274841
[2, 4,     5] loss: 0.196163
[2, 4,     6] loss: 0.185273
[2, 4,     7] loss: 0.191872
[2, 4,     8] loss: 0.191721
[2, 4,     9] loss: 0.223468
[2, 4,    10] loss: 0.198403
[2, 4,    11] loss: 0.180826
[2, 4,    12] loss: 0.204052
[2, 4,    13] loss: 0.198703
[2, 4,    14] loss: 0.198518
[2, 4,    15] loss: 0.171866
[2, 4,    16] loss: 0.189407
[2, 4,    17] loss: 0.228376
[2, 4,    18] loss: 0.198323
[2, 4,    19] loss: 0.193473
[2, 4,    20] loss: 0.164067
[2, 4,    21] loss: 0.144899
[2, 4,    22] loss: 0.198145
[2, 4,    23] loss: 0.202301
[2, 4,    24] loss: 0.131570
[2, 4,    25] loss: 0.201705
[2, 4,    26] loss: 0.155087
[2, 4,    27] loss: 0.154312
[2, 4,    28] loss: 0.177651
[2, 4,    29] loss: 0.199507
[2, 4,    30] loss: 0.209063
[2, 4,    31] loss: 0.199668
[2, 4,    32] loss: 0.175030
[2, 4,    33] loss: 0.188355
[2, 4,    34] loss: 0.273019
[2, 4,    35] loss: 0.252067
[2, 4,    36] loss: 0.209783
[2, 4,    37] loss: 0.161833
[2, 4,    38] loss: 0.189105
[2, 4,    39] loss: 0.185835
[2, 4,    40] loss: 0.189409
[2, 4,    41] loss: 0.221100
[2, 4,    42] loss: 0.200880
[2, 4,    43] loss: 0.219938
[2, 4,    44] loss: 0.228834
[2, 4,    45] loss: 0.235752
[2, 4,    46] loss: 0.184181
[2, 4,    47] loss: 0.198537
[2, 4,    48] loss: 0.290767
[2, 4,    49] loss: 0.205128
[2, 4,    50] loss: 0.210894
[2, 5,     1] loss: 0.284183
[2, 5,     2] loss: 0.245758
[2, 5,     3] loss: 0.292303
[2, 5,     4] loss: 0.286110
[2, 5,     5] loss: 0.242932
[2, 5,     6] loss: 0.261099
[2, 5,     7] loss: 0.218468
[2, 5,     8] loss: 0.272648
[2, 5,     9] loss: 0.210794
[2, 5,    10] loss: 0.222245
[2, 5,    11] loss: 0.255425
[2, 5,    12] loss: 0.239241
[2, 5,    13] loss: 0.270202
[2, 5,    14] loss: 0.220979
[2, 5,    15] loss: 0.209961
[2, 5,    16] loss: 0.277520
[2, 5,    17] loss: 0.271804
[2, 5,    18] loss: 0.208087
[2, 5,    19] loss: 0.294752
[2, 5,    20] loss: 0.299998
[2, 5,    21] loss: 0.316723
[2, 5,    22] loss: 0.263922
[2, 5,    23] loss: 0.238549
[2, 5,    24] loss: 0.258809
[2, 5,    25] loss: 0.246226
[2, 5,    26] loss: 0.230840
[2, 5,    27] loss: 0.269909
[2, 5,    28] loss: 0.241858
[2, 5,    29] loss: 0.294689
[2, 5,    30] loss: 0.281871
[2, 5,    31] loss: 0.271024
[2, 5,    32] loss: 0.253166
[2, 5,    33] loss: 0.199434
[2, 5,    34] loss: 0.243236
[2, 5,    35] loss: 0.262486
[2, 5,    36] loss: 0.260032
[2, 5,    37] loss: 0.267261
[2, 5,    38] loss: 0.234541
[2, 5,    39] loss: 0.226169
[2, 5,    40] loss: 0.276517
[2, 5,    41] loss: 0.185698
[2, 5,    42] loss: 0.250467
[2, 5,    43] loss: 0.291668
[2, 5,    44] loss: 0.288633
[2, 5,    45] loss: 0.289755
[2, 5,    46] loss: 0.196505
[2, 5,    47] loss: 0.326350
[2, 5,    48] loss: 0.292190
[2, 5,    49] loss: 0.262469
[2, 5,    50] loss: 0.286452
[2, 5,    51] loss: 0.230152
[2, 5,    52] loss: 0.196155
[2, 5,    53] loss: 0.245301
[2, 5,    54] loss: 0.278783
[2, 5,    55] loss: 0.294892
[2, 5,    56] loss: 0.258841
[2, 5,    57] loss: 0.243609
[2, 5,    58] loss: 0.263524
[2, 5,    59] loss: 0.276912
[2, 5,    60] loss: 0.289817
[2, 5,    61] loss: 0.197155
[2, 5,    62] loss: 0.248383
[2, 5,    63] loss: 0.256706
[2, 5,    64] loss: 0.289483
[2, 5,    65] loss: 0.241518
[2, 5,    66] loss: 0.237452
[2, 5,    67] loss: 0.272918
[2, 5,    68] loss: 0.214640
[2, 5,    69] loss: 0.212710
[2, 5,    70] loss: 0.295229
[2, 5,    71] loss: 0.268895
[2, 5,    72] loss: 0.261174
[2, 5,    73] loss: 0.345657
Total epoch loss: 71.747173
[test, 0]: test running loss: 0.210402
[test, 1]: test running loss: 0.194295
[test, 2]: test running loss: 0.181770
[test, 3]: test running loss: 0.176878
[test, 4]: test running loss: 0.153486
[test, 5]: test running loss: 0.150865
[test, 6]: test running loss: 0.215931
[test, 7]: test running loss: 0.226963
[test, 8]: test running loss: 0.204727
[test, 9]: test running loss: 0.181327
[test, 10]: test running loss: 0.214745
[test, 11]: test running loss: 0.202044
[test, 12]: test running loss: 0.153438
[test, 13]: test running loss: 0.166168
[test, 14]: test running loss: 0.170716
[test, 15]: test running loss: 0.183554
[test, 16]: test running loss: 0.203025
[test, 17]: test running loss: 0.201141
[test, 18]: test running loss: 0.149568
[test, 19]: test running loss: 0.143191
[test, 20]: test running loss: 0.159419
[test, 21]: test running loss: 0.203266
[test, 22]: test running loss: 0.193209
[test, 23]: test running loss: 0.168664
[test, 24]: test running loss: 0.143466
[test, 25]: test running loss: 0.170133
[test, 26]: test running loss: 0.207802
[test, 27]: test running loss: 0.188796
[test, 28]: test running loss: 0.193162
[test, 29]: test running loss: 0.171025
[test, 30]: test running loss: 0.199653
[test, 31]: test running loss: 0.232191
[test, 32]: test running loss: 0.174570
[test, 33]: test running loss: 0.148318
[test, 34]: test running loss: 0.174303
[test, 35]: test running loss: 0.128817
[test, 36]: test running loss: 0.171435
[test, 37]: test running loss: 0.158228
[test, 38]: test running loss: 0.158879
[test, 39]: test running loss: 0.182739
[test, 40]: test running loss: 0.185441
[test, 41]: test running loss: 0.150438
[test, 42]: test running loss: 0.143048
[test, 43]: test running loss: 0.173952
[test, 44]: test running loss: 0.174592
[test, 45]: test running loss: 0.152769
[test, 46]: test running loss: 0.190077
[test, 47]: test running loss: 0.180394
[test, 48]: test running loss: 0.237168
[test, 49]: test running loss: 0.182268
[test, 50]: test running loss: 0.161179
[test, 51]: test running loss: 0.163674
[test, 52]: test running loss: 0.157803
[test, 53]: test running loss: 0.188828
[test, 54]: test running loss: 0.188506
[test, 55]: test running loss: 0.222207
[test, 56]: test running loss: 0.194026
[test, 57]: test running loss: 0.181353
[test, 58]: test running loss: 0.176436
[test, 59]: test running loss: 0.156122
[test, 60]: test running loss: 0.167941
[test, 61]: test running loss: 0.205252
[test, 62]: test running loss: 0.211131
[test, 63]: test running loss: 0.181987
[test, 64]: test running loss: 0.151581
[test, 65]: test running loss: 0.201433
[test, 66]: test running loss: 0.204825
[test, 67]: test running loss: 0.201544
[test, 68]: test running loss: 0.181529
[test, 69]: test running loss: 0.205167
[test, 70]: test running loss: 0.206583
[test, 71]: test running loss: 0.160010
[test, 72]: test running loss: 0.132699
true_pos: 0, true_neg: 35365, false_pos: 17, false_neg: 1639
[3, 1,     1] loss: 0.215095
[3, 1,     2] loss: 0.165772
[3, 1,     3] loss: 0.169920
[3, 1,     4] loss: 0.197262
[3, 1,     5] loss: 0.202414
[3, 1,     6] loss: 0.234717
[3, 1,     7] loss: 0.200886
[3, 1,     8] loss: 0.198240
[3, 1,     9] loss: 0.260816
[3, 1,    10] loss: 0.183882
[3, 1,    11] loss: 0.176114
[3, 1,    12] loss: 0.222872
[3, 1,    13] loss: 0.185622
[3, 1,    14] loss: 0.172001
[3, 1,    15] loss: 0.224783
[3, 1,    16] loss: 0.178769
[3, 1,    17] loss: 0.165036
[3, 1,    18] loss: 0.161319
[3, 1,    19] loss: 0.226429
[3, 1,    20] loss: 0.225252
[3, 1,    21] loss: 0.215642
[3, 1,    22] loss: 0.231263
[3, 1,    23] loss: 0.271794
[3, 1,    24] loss: 0.190949
[3, 1,    25] loss: 0.183160
[3, 1,    26] loss: 0.157609
[3, 1,    27] loss: 0.147948
[3, 1,    28] loss: 0.206532
[3, 1,    29] loss: 0.200850
[3, 1,    30] loss: 0.170962
[3, 1,    31] loss: 0.231993
[3, 1,    32] loss: 0.246025
[3, 1,    33] loss: 0.167616
[3, 1,    34] loss: 0.241550
[3, 1,    35] loss: 0.202524
[3, 1,    36] loss: 0.186997
[3, 1,    37] loss: 0.184009
[3, 1,    38] loss: 0.189683
[3, 1,    39] loss: 0.226309
[3, 1,    40] loss: 0.198177
[3, 1,    41] loss: 0.209862
[3, 1,    42] loss: 0.252799
[3, 1,    43] loss: 0.218044
[3, 1,    44] loss: 0.181005
[3, 1,    45] loss: 0.220269
[3, 1,    46] loss: 0.161827
[3, 1,    47] loss: 0.203227
[3, 1,    48] loss: 0.185435
[3, 1,    49] loss: 0.212470
[3, 1,    50] loss: 0.161433
[3, 2,     1] loss: 0.240370
[3, 2,     2] loss: 0.207724
[3, 2,     3] loss: 0.203136
[3, 2,     4] loss: 0.213882
[3, 2,     5] loss: 0.198025
[3, 2,     6] loss: 0.176389
[3, 2,     7] loss: 0.174825
[3, 2,     8] loss: 0.180165
[3, 2,     9] loss: 0.212581
[3, 2,    10] loss: 0.161994
[3, 2,    11] loss: 0.161952
[3, 2,    12] loss: 0.197525
[3, 2,    13] loss: 0.209252
[3, 2,    14] loss: 0.141319
[3, 2,    15] loss: 0.182366
[3, 2,    16] loss: 0.231486
[3, 2,    17] loss: 0.179702
[3, 2,    18] loss: 0.156168
[3, 2,    19] loss: 0.152752
[3, 2,    20] loss: 0.207654
[3, 2,    21] loss: 0.164461
[3, 2,    22] loss: 0.204601
[3, 2,    23] loss: 0.169506
[3, 2,    24] loss: 0.158539
[3, 2,    25] loss: 0.189314
[3, 2,    26] loss: 0.159855
[3, 2,    27] loss: 0.203072
[3, 2,    28] loss: 0.166506
[3, 2,    29] loss: 0.162830
[3, 2,    30] loss: 0.230181
[3, 2,    31] loss: 0.176251
[3, 2,    32] loss: 0.195447
[3, 2,    33] loss: 0.177307
[3, 2,    34] loss: 0.163079
[3, 2,    35] loss: 0.229518
[3, 2,    36] loss: 0.207546
[3, 2,    37] loss: 0.190176
[3, 2,    38] loss: 0.216668
[3, 2,    39] loss: 0.164743
[3, 2,    40] loss: 0.188877
[3, 2,    41] loss: 0.164482
[3, 2,    42] loss: 0.159716
[3, 2,    43] loss: 0.207401
[3, 2,    44] loss: 0.178145
[3, 2,    45] loss: 0.185360
[3, 2,    46] loss: 0.165901
[3, 2,    47] loss: 0.137228
[3, 2,    48] loss: 0.157955
[3, 2,    49] loss: 0.122681
[3, 2,    50] loss: 0.195524
[3, 2,    51] loss: 0.233982
[3, 2,    52] loss: 0.211710
[3, 2,    53] loss: 0.163614
[3, 2,    54] loss: 0.164792
[3, 2,    55] loss: 0.206262
[3, 2,    56] loss: 0.221860
[3, 2,    57] loss: 0.169668
[3, 2,    58] loss: 0.191563
[3, 2,    59] loss: 0.171483
[3, 2,    60] loss: 0.206051
[3, 2,    61] loss: 0.209724
[3, 2,    62] loss: 0.215810
[3, 2,    63] loss: 0.162686
[3, 2,    64] loss: 0.191447
[3, 2,    65] loss: 0.175096
[3, 2,    66] loss: 0.163733
[3, 2,    67] loss: 0.174146
[3, 2,    68] loss: 0.198153
[3, 2,    69] loss: 0.140562
[3, 2,    70] loss: 0.188675
[3, 2,    71] loss: 0.178185
[3, 2,    72] loss: 0.130502
[3, 2,    73] loss: 0.152044
[3, 2,    74] loss: 0.140724
[3, 3,     1] loss: 0.268868
[3, 3,     2] loss: 0.262863
[3, 3,     3] loss: 0.295714
[3, 3,     4] loss: 0.245423
[3, 3,     5] loss: 0.278146
[3, 3,     6] loss: 0.282577
[3, 3,     7] loss: 0.240761
[3, 3,     8] loss: 0.243118
[3, 3,     9] loss: 0.214427
[3, 3,    10] loss: 0.293010
[3, 3,    11] loss: 0.272680
[3, 3,    12] loss: 0.232738
[3, 3,    13] loss: 0.272284
[3, 3,    14] loss: 0.258827
[3, 3,    15] loss: 0.248575
[3, 3,    16] loss: 0.308385
[3, 3,    17] loss: 0.247078
[3, 3,    18] loss: 0.251671
[3, 3,    19] loss: 0.254821
[3, 3,    20] loss: 0.258118
[3, 3,    21] loss: 0.237557
[3, 3,    22] loss: 0.239878
[3, 3,    23] loss: 0.228944
[3, 3,    24] loss: 0.277842
[3, 3,    25] loss: 0.256924
[3, 3,    26] loss: 0.282728
[3, 3,    27] loss: 0.208083
[3, 3,    28] loss: 0.271718
[3, 3,    29] loss: 0.230420
[3, 3,    30] loss: 0.282742
[3, 3,    31] loss: 0.264705
[3, 3,    32] loss: 0.204025
[3, 3,    33] loss: 0.248021
[3, 3,    34] loss: 0.270561
[3, 3,    35] loss: 0.236270
[3, 3,    36] loss: 0.260089
[3, 3,    37] loss: 0.282301
[3, 3,    38] loss: 0.259810
[3, 3,    39] loss: 0.270355
[3, 3,    40] loss: 0.238746
[3, 3,    41] loss: 0.259895
[3, 3,    42] loss: 0.240552
[3, 3,    43] loss: 0.215479
[3, 3,    44] loss: 0.234689
[3, 3,    45] loss: 0.226900
[3, 3,    46] loss: 0.274551
[3, 3,    47] loss: 0.276840
[3, 3,    48] loss: 0.281257
[3, 3,    49] loss: 0.256622
[3, 3,    50] loss: 0.245392
[3, 3,    51] loss: 0.279838
[3, 3,    52] loss: 0.250796
[3, 3,    53] loss: 0.242162
[3, 3,    54] loss: 0.235073
[3, 3,    55] loss: 0.297876
[3, 3,    56] loss: 0.264899
[3, 3,    57] loss: 0.316616
[3, 3,    58] loss: 0.303022
[3, 3,    59] loss: 0.250598
[3, 3,    60] loss: 0.239324
[3, 3,    61] loss: 0.249617
[3, 3,    62] loss: 0.220854
[3, 3,    63] loss: 0.278776
[3, 3,    64] loss: 0.262472
[3, 3,    65] loss: 0.259868
[3, 3,    66] loss: 0.203931
[3, 3,    67] loss: 0.270111
[3, 3,    68] loss: 0.243603
[3, 3,    69] loss: 0.231335
[3, 3,    70] loss: 0.286618
[3, 3,    71] loss: 0.243958
[3, 3,    72] loss: 0.276913
[3, 3,    73] loss: 0.382422
[3, 4,     1] loss: 0.228021
[3, 4,     2] loss: 0.192799
[3, 4,     3] loss: 0.171526
[3, 4,     4] loss: 0.197018
[3, 4,     5] loss: 0.230700
[3, 4,     6] loss: 0.214355
[3, 4,     7] loss: 0.175142
[3, 4,     8] loss: 0.203422
[3, 4,     9] loss: 0.203206
[3, 4,    10] loss: 0.161101
[3, 4,    11] loss: 0.161940
[3, 4,    12] loss: 0.200565
[3, 4,    13] loss: 0.212917
[3, 4,    14] loss: 0.209204
[3, 4,    15] loss: 0.130521
[3, 4,    16] loss: 0.169967
[3, 4,    17] loss: 0.206204
[3, 4,    18] loss: 0.179796
[3, 4,    19] loss: 0.167377
[3, 4,    20] loss: 0.188892
[3, 4,    21] loss: 0.171974
[3, 4,    22] loss: 0.181078
[3, 4,    23] loss: 0.236013
[3, 4,    24] loss: 0.215186
[3, 4,    25] loss: 0.175859
[3, 4,    26] loss: 0.193431
[3, 4,    27] loss: 0.140475
[3, 4,    28] loss: 0.139942
[3, 4,    29] loss: 0.236646
[3, 4,    30] loss: 0.132808
[3, 4,    31] loss: 0.191592
[3, 4,    32] loss: 0.189899
[3, 4,    33] loss: 0.167265
[3, 4,    34] loss: 0.173868
[3, 4,    35] loss: 0.228736
[3, 4,    36] loss: 0.165526
[3, 4,    37] loss: 0.172522
[3, 4,    38] loss: 0.195946
[3, 4,    39] loss: 0.245838
[3, 4,    40] loss: 0.195825
[3, 4,    41] loss: 0.175662
[3, 4,    42] loss: 0.192122
[3, 4,    43] loss: 0.189033
[3, 4,    44] loss: 0.151993
[3, 4,    45] loss: 0.163035
[3, 4,    46] loss: 0.170203
[3, 4,    47] loss: 0.193873
[3, 4,    48] loss: 0.168563
[3, 4,    49] loss: 0.165283
[3, 4,    50] loss: 0.196441
[3, 4,    51] loss: 0.170556
[3, 4,    52] loss: 0.218794
[3, 4,    53] loss: 0.171631
[3, 4,    54] loss: 0.222830
[3, 4,    55] loss: 0.206350
[3, 4,    56] loss: 0.223749
[3, 4,    57] loss: 0.207021
[3, 4,    58] loss: 0.142425
[3, 4,    59] loss: 0.147664
[3, 4,    60] loss: 0.180448
[3, 4,    61] loss: 0.162354
[3, 4,    62] loss: 0.154270
[3, 4,    63] loss: 0.182330
[3, 4,    64] loss: 0.176957
[3, 4,    65] loss: 0.162103
[3, 4,    66] loss: 0.214121
[3, 4,    67] loss: 0.173124
[3, 4,    68] loss: 0.185033
[3, 4,    69] loss: 0.208510
[3, 4,    70] loss: 0.165201
[3, 4,    71] loss: 0.160148
[3, 4,    72] loss: 0.171470
[3, 4,    73] loss: 0.234803
[3, 5,     1] loss: 0.213850
[3, 5,     2] loss: 0.154585
[3, 5,     3] loss: 0.250953
[3, 5,     4] loss: 0.215550
[3, 5,     5] loss: 0.208069
[3, 5,     6] loss: 0.184344
[3, 5,     7] loss: 0.186482
[3, 5,     8] loss: 0.190275
[3, 5,     9] loss: 0.201792
[3, 5,    10] loss: 0.189953
[3, 5,    11] loss: 0.194786
[3, 5,    12] loss: 0.225807
[3, 5,    13] loss: 0.255683
[3, 5,    14] loss: 0.213701
[3, 5,    15] loss: 0.258249
[3, 5,    16] loss: 0.199624
[3, 5,    17] loss: 0.179419
[3, 5,    18] loss: 0.204253
[3, 5,    19] loss: 0.226848
[3, 5,    20] loss: 0.173921
[3, 5,    21] loss: 0.202985
[3, 5,    22] loss: 0.187864
[3, 5,    23] loss: 0.219349
[3, 5,    24] loss: 0.195654
[3, 5,    25] loss: 0.207226
[3, 5,    26] loss: 0.205614
[3, 5,    27] loss: 0.245102
[3, 5,    28] loss: 0.187378
[3, 5,    29] loss: 0.203170
[3, 5,    30] loss: 0.169858
[3, 5,    31] loss: 0.266448
[3, 5,    32] loss: 0.172289
[3, 5,    33] loss: 0.189832
[3, 5,    34] loss: 0.177524
[3, 5,    35] loss: 0.255081
[3, 5,    36] loss: 0.230217
[3, 5,    37] loss: 0.223309
[3, 5,    38] loss: 0.175980
[3, 5,    39] loss: 0.236091
[3, 5,    40] loss: 0.163900
[3, 5,    41] loss: 0.263520
[3, 5,    42] loss: 0.177967
[3, 5,    43] loss: 0.245329
[3, 5,    44] loss: 0.218242
[3, 5,    45] loss: 0.141740
[3, 5,    46] loss: 0.205113
[3, 5,    47] loss: 0.186431
[3, 5,    48] loss: 0.214805
[3, 5,    49] loss: 0.145598
[3, 5,    50] loss: 0.228928
[3, 5,    51] loss: 0.167433
[3, 5,    52] loss: 0.201893
[3, 5,    53] loss: 0.227979
[3, 5,    54] loss: 0.203745
[3, 5,    55] loss: 0.253827
[3, 5,    56] loss: 0.224124
[3, 5,    57] loss: 0.223710
[3, 5,    58] loss: 0.207080
[3, 5,    59] loss: 0.196176
[3, 5,    60] loss: 0.160537
[3, 5,    61] loss: 0.181226
